959259597
859220958
961601151
415413330
666236526
457703823
952317044
493866308
285588834
539980427
437861656
330652851
840961146
110198499
942649140
278580630
234415503
270158648
587326758
491727212
877084596
347212966
312724958
339964793
922617220
691434966
297206748
533426666
984039498
602798993
714144587
907582728
149437769
473507001
607742699
601947280
534318588
480021989
461235974
856307117
963155852
412514729
729863816
408636593
709442586
985803641
729662913
449390340
157235484
464375204
449204103
633738991
585926252
618154048
659891797
369722099
947176190
777289286
494659116
114509187
530434083
642280773
994131451
458632862
216595132
649702507
350844341
980830630
848277850
771536985
444682002
577589542
892214653
115814828
148763532
766587889
406974333
341820729
610319067
173851335
604771388
412632190
740853352
877558402
458066124
745202424
636315070
253382256
456015512
609379383
221848736
900306292
323807545
152203051
340539820
285370428
412185646
706205076
286404943
218975349
850087380
826346491
416953828
112842659
331302370
939284370
423988920
199204497
813889838
655762920
940734221
291100046
978497182
647857780
945786677
462127221
676392450
749218703
295190712
809761994
232985867
996369993
960760799
348523535
702428359
720716389
983289035
558513815
615965595
467907188
217601287
828769657
907974235
730708899
693858183
543894457
459300273
168452891
433867739
573928548
142734307
972912794
951098101
238795966
255032720
227833288
355669152
792377588
373997523
541444812
893414363
190012399
798434460
672025740
791177005
427278114
411545084
918327941
958134097
815709298
448590788
587114542
826607768
822598337
455401737
884812855
644006941
598490609
321568250
294212716
807957764
213245302
792585463
643156000
218550901
360074560
746035632
644339722
504288340
662171966
714135000
440007738
495647770
396702640
479368908
372781216
258148712
807894370
674890494
200532608
158720660
342130927
423664694
592728837
923407067
370157776
247516100
800791554
338077364
465714454
181550308
936512420
130413513
527982281
649113938
961330509
980662984
654735469
106195200
976392498
206222252
556016588
990035971
650703552
837448816
130061031
607356959
301418785
564555355
180197726
587726151
195282726
836901273
187220897
195856757
449487874
186601594
348151345
538866187
385124544
322938165
361726596
479710429
643973085
279606266
759203896
486357648
675591023
223620654
832445590
122064334
248899044
616725588
698552461
976515905
336415050
757778790
685711013
603643839
162468859
532020261
564233777
486193505
686882897
710933533
335431246
905198682
490850994
762106558
522004019
303780344
160084389
962903776
244538583
789218894
729396475
305984285
624358390
201370985
582598450
948865360
956934532
299594780
731675779
999137673
858438071
495529616
181251088
135409403
384481363
998231255
296972612
618856453
518387393
438235596
998209917
672952298
442093866
493261002
425830514
260045166
653534200
649952694
464067663
752417118
745535690
696258165
948975759
705052423
873383043
881168999
943967363
510887863
794329624
730451394
633940063
165438362
819655004
840108209
537809212
925875065
275529362
408338452
825570564
508376785
222794587
519271337
860254268
236600085
480974484
309230661
618127104
247847812
555229963
986196569
719408429
590785313
652970160
114677069
444024793
917739564
407445658
268844360
496385049
312216056
649327992
906529237
451152366
150066487
630766173
774213994
833891390
646689071
362327868
111145552
215438617
608099363
341382656
462997767
517806178
892511740
999148494
257155630
617423742
847503671
607900377
142758171
610730198
234285389
367754137
257553165
734534586
110466615
671732850
903869698
723658606
505619606
150154221
237926382
230876923
560300268
603434513
947879673
547306533
240090082
732063858
550409663
182649048
646681316
882903323
186205129
374727974
409577656
489596432
483129685
432848601
251765117
614374443
703560080
499117836
501976531
869238595
551419529
268239170
739189224
473319790
461634019
259371374
472979745
348001134
471666855
880221808
376847339
647953234
653074217
245066408
475581284
585684741
742730675
726709785
561946175
403990497
555681975
445094085
554299364
888950392
132359860
537152405
756524997
595453765
790121219
533007965
901299274
477474493
250732605
339937885
844633950
339029911
730352694
496485768
444601334
321772674
205275634
178350878
788899111
945943012
581203422
729686277
735034945
426410707
818958666
596099331
122763342
388072325
133942384
833956599
824317106
404347709
870414008
343794766
250481610
407574151
228759218
480459180
183721515
980801412
903346757
416449909
853493778
956875731
132686304
228161931
593220398
990046464
575109465
176362381
265916991
474908453
448915492
126216317
762982794
881745662
403405900
239970538
503224834
322580384
612091013
471962545
977324279
677306633
308748804
372193430
310118281
966425729
410757388
892728743
357158785
477390675
119931456
696247870
879548260
111643208
143928336
601205768
510765258
555704101
795101430
290221730
524635997
558269790
871071792
532621124
446257725
780830897
633852493
885713012
908916104
980476065
878390091
655032546
385599266
857844480
419859605
306564923
494401599
235353692
700317767
434753546
294421608
102155748
965982733
312760379
802896925
422692386
805516244
900603300
377346308
809516666
674488653
199065241
778029885
567423363
384312152
646322156
479274281
711797080
885901969
386042407
967362631
912328230
645222157
742816799
633012092
320666277
270858336
910652222
111683982
432800992
552528272
742417888
707661038
675058422
236826817
287058125
386126900
772042599
633598130
284036390
602073266
879657413
915322757
455691074
648501894
464666823
932010793
698169023
816103155
289086734
652457838
615708572
243714291
718013926
414180506
265773731
751438629
110321336
365094240
988974332
222715546
714730016
244020733
978512323
400173909
153509641
644454266
119908425
495488096
542020981
406047781
256686220
575159710
653284398
514259427
989059180
647559639
546495667
732594103
109828366
303132060
271200135
743890436
782707267
193982380
152411802
706224478
522808178
933002226
381356195
283500067
107726890
525327898
511011140
429848467
879956234
997969405
780539977
497388647
458165029
747901895
845592854
262906457
947325485
593707626
758639243
795150809
470354316
697499495
125291709
532909521
578692312
125836512
177782638
624518203
499272618
882192075
539000043
379744867
824777967
944608835
272162180
840879223
198881316
990083143
750117246
755150185
191253744
427656027
634445854
558337657
396015752
847885557
432091442
547737293
891850279
488435240
854061013
790141962
962598550
627468288
586353709
810905177
481814381
900242083
635422133
475770070
833760312
452816128
614950974
363901109
180908854
492024999
563402894
739961748
655363758
335199432
465919368
982958537
327003827
262306360
119894388
545480601
458626216
590774306
736379710
806541811
260612888
587556697
829524298
842858533
513802881
516410833
823507546
968519440
473955199
241075386
969471083
799003642
704976306
857576343
433426712
810874291
825529285
245509876
808007767
364025248
582728112
230978076
446124350
218485994
668070805
156240283
802387668
165170480
864658630
997600872
738501552
346124691
807055221
575160917
466574043
250623294
892261991
109427504
313012806
509675520
357427167
388091276
732726493
859302578
313812151
735888338
526863933
981068063
918997532
636767792
256979628
648578780
471793039
378490535
475610386
382216465
289170432
209640269
973118894
218746097
204755393
247986933
919319771
747522417
356153253
165954738
766751806
542302083
881375360
462335495
580115612
424284470
942309478
113942402
629609503
195785737
189097673
733208786
718473325
214153633
781758075
317968608
209033558
770670299
485640223
602484358
782573148
778538247
216376384
322146872
116701250
942299350
838273722
123656190
184656124
508232263
547142965
483417080
314387950
398257636
866843458
690388274
756039520
343617371
527097505
337575970
543229471
553962871
344169517
444541674
732148419
934983411
821920164
705941941
980400852
771699853
285318110
417784886
728507567
473340113
155842822
672264777
467256326
992864662
521456980
213954962
627322735
879259260
643073170
456660771
713860636
836262843
975941969
712770305
789874816
389667886
635845572
494352531
468791050
140473321
422583550
657024641
585585602
487813846
247008630
177582731
446408467
633215492
508847140
784667813
202368511
323540957
584291464
899407329
577033524
290978987
952350451
158436437
227812971
701781527
590648144
608816073
382508445
720847085
314126719
882144223
852536272
196504946
153505232
180218637
278817575
954036417
673284588
755197464
133877350
698529781
723002901
464772586
837462765
668122009
210338489
746703132
837356908
921291617
195809238
886768676
178987338
411745349
805658001
227395967
605737044
379406633
428635747
203316389
388516129
332692752
766785444
750345624
442488441
986572630
557752180
147226729
701375061
687919316
158771482
744325176
170860062
632103813
518386087
103138145
531716619
671651820
808827128
853213894
414796937
806143916
478416528
824863897
763063508
671825627
189813693
181250937
838889261
301717311
546124161
814181627
996046901
891867072
455617586
487994292
543034915
190133874
393130268
698270100
474001418
266188327
903989514
553860863
810875811
302386214
574184423
385205730
956016181
729854262
802962286
976546711
902427637
679826069
185518073
233930531
271123438
152673683
795844306
508356578
493116915
320872170
514068560
981483258
515936876
764311786
461824737
629709256
189817241
557836020
505375048
422714312
536111655
799192960
980148540
909182122
522135399
893827369
426131490
396792194
433999601
312239588
110047595
936214955
195112669
122564965
487537761
542784267
576629266
377440100
493341995
346661050
818606330
687631548
271856912
960012873
918449976
941838390
191485680
895139886
472396043
279963197
994086735
628048343
136045138
696783070
342928276
138808656
781969366
925821557
689405135
526042053
758692561
729921035
929681210
321602280
933478508
829789977
269336878
289689119
982938633
