968390887
424221621
672884347
561063507
40110675
128389321
229154300
775431951
167769917
806928997
223248933
746681848
131767439
804447896
55534256
285163938
786525408
958956503
901575431
34757885
921364655
969890527
869544230
832276254
115896655
602765987
631110355
838596251
827719420
725665633
668276647
731758927
334932511
237920086
400333595
260034135
694807061
40442095
785267868
530322504
24252530
911031869
355819071
64295535
963082196
667469616
348976239
397016230
357337548
780394280
982040022
183535971
719862934
36709893
572990417
491116396
542642563
894348575
91821668
119223995
475605401
542435010
319238140
166490974
739491699
879730070
534826309
46942734
747217325
291514479
268142898
905916379
649011391
99675155
959518866
210955754
863226556
463408153
53210113
10185257
634442216
297122009
843747391
773541182
992454934
467158762
452494272
589746689
893261403
303042816
841047769
21494941
867462863
620359564
114627190
611229025
440346020
150988834
237141690
910370693
438249984
260121701
846967702
194983357
559019223
253480141
850431338
409939145
533740155
519913363
109060784
392288982
922464025
278561147
382483848
189424426
280676065
301787718
542409775
227416945
622018792
446514570
620743671
524834199
769851349
783056010
530483497
850742552
534557945
247053524
827495901
414771686
544347171
409051841
394484039
714995029
633998751
854193123
640318283
869855521
328964601
947569990
397590524
745343496
958950145
851576147
546835896
299655837
383225608
447611077
693266188
674277021
210007869
242810533
389804078
273455954
272917401
307547145
277028562
372917343
303907136
893954894
410214621
234514516
855787371
821442061
110931539
447580067
817602360
600833039
827473470
506001253
610716049
271793324
179360321
479212490
383214240
947197674
777658259
360747245
874424313
173396471
312418565
737703367
721503724
637924388
651369233
807080178
711594359
276843178
217824224
531267557
147365926
226173697
850833425
500721857
123357224
705420603
129817486
538845686
968958984
151608081
687719271
879967549
933807066
994837177
889161281
239540959
149125751
773024451
258562600
880917566
606498540
251215553
557640708
250010839
237789591
818086845
520759231
484554655
665400516
136854592
597271176
664580658
377335216
785588835
641410452
426420670
506177538
461333840
340236175
445039809
116422900
516916274
376150299
307391601
807553628
646692471
993113218
256288987
343312705
242514667
571151494
471888640
922500080
490099443
583166872
938159075
120897220
821562351
474265836
809711838
701679502
944899387
304834426
894552837
878336570
904911910
404105291
343523215
474769966
779277788
363500613
164103095
983819583
931577991
108673536
794511288
551845519
740704438
344261856
820401647
804895239
861499974
762036490
380888750
570044495
675668880
653892670
889692297
683010652
914289647
982194678
252448476
630597735
641226847
154166951
932382989
615565342
626295399
605328427
624940594
400192828
428076173
645683307
863670827
318610595
704372354
387926270
216167158
634895718
299900595
962061404
887846414
227521863
523734972
515968276
770094950
941095289
769991378
529389014
349467210
998717130
598972759
459525748
534285667
713608295
993664919
748061058
188409749
342285876
454088427
909827741
103344769
880932287
887716372
604579232
332968651
579546681
206328085
130349564
881447915
199052376
277077808
206406362
580404538
743647998
699121577
300427519
281009883
599770319
985063869
489151677
251079598
608464061
957592370
668919915
161136438
496917567
299502978
572190436
561901618
874414982
832395540
961137736
379394470
156972561
954206851
925500248
371820813
350814705
681609465
334564360
168574553
519498548
891274835
916698734
887110843
624150214
572432043
457319431
247697582
844595490
784275917
705850704
137709731
882698033
798027879
123027075
365047041
852288765
186191493
993102645
300619113
390770691
893943861
234489564
496360081
207944665
957937451
913891745
723415497
722028733
858744035
520477197
838194223
428740110
480072391
402554573
941739990
189482491
294249720
423541287
506019796
695614415
191693393
270476398
438175028
472593431
558502041
232862715
559708603
283378299
211665644
705264936
298743196
324184334
809816108
420192576
167157848
844753672
195540567
722261376
953477355
286780295
123717335
160472382
381154698
954021618
988445520
272552610
191355424
555094650
418019332
857206505
565856742
748870905
597653800
808496411
585775494
529662408
629561415
956634123
447454369
509783328
372981039
618910454
361917078
825167677
422909911
812631076
492121003
690804839
206179285
689324250
363038498
670916578
613653348
524831618
146321408
363183577
190053374
126063245
273660954
197636744
862532878
576272473
209174313
913194107
563390156
966377394
234987326
726049887
685878246
376406835
371766524
136810847
939735171
776742877
698424036
548469222
788839404
271116174
123841962
972141340
928299788
430626207
524623942
270731194
936594930
792440149
660355099
871795521
634096553
349625132
295995197
672964792
553094388
621669253
987059227
330519835
901312299
815154771
712286237
672434365
268973642
419309439
346703609
624363766
727457371
556545752
392072678
773573053
572669408
195057280
734324250
860672189
102235000
392121203
540529868
575584232
335283714
129859174
807191493
146159303
246412954
819024776
926506464
614817842
183375337
476304299
928540878
822804538
414404213
180705119
349546199
971959784
760721331
588035440
378710077
116816569
107654909
943120422
318520688
736028516
249638768
258428240
172073914
570575216
111506305
791648731
321099573
241951830
223035620
508327903
779746784
677034624
876124029
722318721
232863028
949472217
327174085
498129398
839316547
447262390
149905866
613911991
328233509
605874711
668249203
673505733
739196117
253651082
385322750
487791599
307640719
466371424
747326920
403998075
135213498
901090885
941009615
275127900
565397506
490382227
426241019
862633146
171244178
151939266
355555070
523767187
723512415
513075142
848898099
918291176
920071328
733816999
687273855
176241446
901999185
476712039
690647936
854583306
491127003
587365080
997955761
850303382
278017694
646918365
940887593
134109026
787126267
851425679
388717145
337085688
171450611
227348283
146510960
499873327
732286859
350368452
746040612
669668767
671666426
910490870
482380040
224001512
526101858
960530322
515156431
731833730
556659347
688781719
763607349
228314487
691718048
710021271
533484403
461378378
897296240
794190023
251786915
738035365
825799015
557109331
446546429
139501026
625200495
535816957
916616920
802234722
121739356
245689489
790665343
337785965
309310033
924183605
952225186
752668623
855593187
177633091
423839252
868037679
600229623
742668415
526161286
776942224
349369215
393383200
282708911
502330059
137856186
605585522
685544149
165293686
101983509
485992349
714600044
710085301
770439175
663236122
891967770
292463073
529833492
111326237
723214176
430299675
825523310
590345952
938562244
232166290
409255683
204436258
179688895
724798768
287276799
860684560
918013403
975866588
226960685
808087156
673352453
616077666
166385640
972186916
865872407
446819932
865295088
326623789
410493790
542422240
423609715
290906558
339216892
680240340
919956639
534378710
179348896
387427839
827965823
626936081
343959576
721445097
899528670
504642357
941941561
873166402
400910439
402434989
517369879
997299057
593952287
835055790
566634390
701656257
117882750
178725274
294521577
647063169
411603161
523783527
946176160
686784136
969662506
997265909
570260911
326860070
287225564
299759529
354954230
829203225
358185058
126658609
602821784
578947735
801112844
450444347
148715257
122268806
106512440
649302307
307426220
934400275
744090176
404688903
967441151
730431725
296678031
318049165
701318347
686766194
477936342
218613134
639374683
438722145
503649345
909490207
436210646
838846654
254370901
435663154
765898681
283157310
256943484
481966485
490125881
574184249
230997589
101079600
260409267
266793897
411817029
328773646
573265205
259267818
645720763
429214564
195534048
434444807
185871668
192526139
627810564
990197094
466564547
495236101
321971308
934855903
234667123
793009757
274526510
956898402
690256950
694221991
670137231
170009467
413345693
276383634
294073232
739180919
189473854
888215570
911626075
436967606
103695961
208880612
891707097
447346749
469281814
865854846
941702792
909600907
782697716
349939584
844293433
809587577
771891968
926146542
101043233
311426941
503182709
885403480
788042471
892911084
228565108
693867648
979889679
171709884
774788031
333448894
897459012
579836949
828426742
304939202
383627673
555149199
781381298
133698788
616103253
161819576
494620188
598528205
494274011
297579844
504401198
274928880
363768157
552949741
974703859
853037764
173706383
520194521
157399769
344439380
513623907
843896352
889636829
743273060
737822998
306411513
597572361
955324405
680222788
687037795
294579233
146787763
635207134
165732489
640564217
887852946
113470137
104466271
557370368
269124855
781583940
890118380
799798019
597576975
403090455
932758095
711686134
934304257
213865200
603365595
468403327
685848991
917032666
318825555
424159127
860932235
693435313
415109026
715418235
651904800
994439328
362869948
295922610
403394218
922335076
640906763
684556354
402480960
750622119
767225929
987702570
940916523
202912284
397904524
532838238
646573613
178262145
267345404
505629426
607896561
886008098
471747542
405752912
768823641
396248071
681524060
507486361
880024777
199952217
489229565
376890017
145932658
236815208
607514051
928457785
944979700
522352497
653805292
901647690
647488156
268303991
821322712
329698836
237587448
306037667
862097033
845052004
102640328
394292375
344103359
426093538
798437615
648423203
624063697
100070640
213442790
445933919
489998231
603011990
876346813
365715423
565629220
868773488
872427446
103741196
119511512
542913640
648591389
755209744
247435376
122558781
428382319
699655128
400860757
304591500
725017530
529431826
697866672
329717603
146547339
995678908
767360488
517226642
492073291
550564360
397699782
988203035
