968390887
424221621
672884347
561063507
40110675
128389321
229154300
775431951
167769917
806928997
223248933
746681848
131767439
804447896
55534256
285163938
786525408
958956503
901575431
34757885
921364655
969890527
869544230
832276254
115896655
602765987
631110355
838596251
827719420
725665633
668276647
731758927
334932511
237920086
400333595
260034135
694807061
40442095
785267868
530322504
24252530
911031869
355819071
64295535
963082196
667469616
348976239
397016230
357337548
780394280
982040022
183535971
719862934
36709893
572990417
491116396
542642563
894348575
91821668
119223995
475605401
542435010
319238140
166490974
739491699
879730070
534826309
46942734
747217325
291514479
268142898
905916379
649011391
99675155
959518866
210955754
863226556
463408153
53210113
10185257
634442216
297122009
843747391
773541182
992454934
467158762
452494272
589746689
893261403
303042816
841047769
21494941
867462863
620359564
114627190
611229025
440346020
150988834
237141690
910370693
