968390887
424221621
672884347
561063507
40110675
128389321
229154300
775431951
167769917
806928997
223248933
746681848
131767439
804447896
55534256
285163938
786525408
958956503
901575431
34757885
921364655
969890527
869544230
832276254
115896655
602765987
631110355
838596251
827719420
725665633
668276647
731758927
334932511
237920086
400333595
260034135
694807061
40442095
785267868
530322504
24252530
911031869
355819071
64295535
963082196
667469616
348976239
397016230
357337548
780394280
982040022
183535971
719862934
36709893
572990417
491116396
542642563
894348575
91821668
119223995
475605401
542435010
319238140
166490974
739491699
879730070
534826309
46942734
747217325
291514479
268142898
905916379
649011391
99675155
959518866
210955754
863226556
463408153
53210113
10185257
634442216
297122009
843747391
773541182
992454934
467158762
452494272
589746689
893261403
303042816
841047769
21494941
867462863
620359564
114627190
611229025
440346020
150988834
237141690
910370693
438249984
260121701
846967702
194983357
559019223
253480141
850431338
409939145
533740155
519913363
109060784
392288982
922464025
278561147
382483848
189424426
280676065
301787718
542409775
227416945
622018792
446514570
620743671
524834199
769851349
783056010
530483497
850742552
534557945
247053524
827495901
414771686
544347171
409051841
394484039
714995029
633998751
854193123
640318283
869855521
328964601
947569990
397590524
745343496
958950145
851576147
546835896
299655837
383225608
447611077
693266188
674277021
210007869
242810533
389804078
273455954
272917401
307547145
277028562
372917343
303907136
893954894
410214621
234514516
855787371
821442061
110931539
447580067
817602360
600833039
827473470
506001253
610716049
271793324
179360321
479212490
383214240
947197674
777658259
360747245
874424313
173396471
312418565
737703367
721503724
637924388
651369233
807080178
711594359
276843178
217824224
531267557
147365926
226173697
850833425
500721857
123357224
705420603
129817486
538845686
968958984
151608081
687719271
879967549
933807066
994837177
889161281
239540959
149125751
773024451
258562600
880917566
606498540
251215553
557640708
250010839
237789591
818086845
520759231
484554655
665400516
136854592
597271176
664580658
377335216
785588835
641410452
426420670
506177538
461333840
340236175
445039809
116422900
516916274
376150299
307391601
807553628
646692471
993113218
256288987
343312705
242514667
571151494
471888640
922500080
490099443
583166872
938159075
120897220
821562351
474265836
809711838
701679502
944899387
304834426
894552837
878336570
904911910
404105291
343523215
474769966
779277788
363500613
164103095
983819583
931577991
108673536
794511288
551845519
740704438
344261856
820401647
804895239
861499974
762036490
380888750
570044495
675668880
653892670
889692297
683010652
914289647
982194678
252448476
630597735
641226847
154166951
932382989
615565342
626295399
605328427
624940594
400192828
428076173
645683307
863670827
318610595
704372354
387926270
216167158
