968390887
424221621
672884347
561063507
40110675
128389321
229154300
775431951
167769917
806928997
223248933
746681848
131767439
804447896
55534256
285163938
786525408
958956503
901575431
34757885
921364655
969890527
869544230
832276254
115896655
602765987
631110355
838596251
827719420
725665633
668276647
731758927
334932511
237920086
400333595
260034135
694807061
40442095
785267868
530322504
24252530
911031869
355819071
64295535
963082196
667469616
348976239
397016230
357337548
780394280
982040022
183535971
719862934
36709893
572990417
491116396
542642563
894348575
91821668
119223995
475605401
542435010
319238140
166490974
739491699
879730070
534826309
46942734
747217325
291514479
268142898
905916379
649011391
99675155
959518866
210955754
863226556
463408153
53210113
10185257
634442216
297122009
843747391
773541182
992454934
467158762
452494272
589746689
893261403
303042816
841047769
21494941
867462863
620359564
114627190
611229025
440346020
150988834
237141690
910370693
438249984
260121701
846967702
194983357
559019223
253480141
850431338
409939145
533740155
519913363
109060784
392288982
922464025
278561147
382483848
189424426
280676065
301787718
542409775
227416945
622018792
446514570
620743671
524834199
769851349
783056010
530483497
850742552
534557945
247053524
827495901
414771686
544347171
409051841
394484039
714995029
633998751
854193123
640318283
869855521
328964601
947569990
397590524
745343496
958950145
851576147
546835896
299655837
383225608
447611077
693266188
674277021
210007869
242810533
389804078
273455954
272917401
307547145
277028562
372917343
303907136
893954894
410214621
234514516
855787371
821442061
110931539
447580067
817602360
600833039
827473470
506001253
610716049
271793324
179360321
479212490
383214240
947197674
777658259
360747245
874424313
173396471
312418565
737703367
721503724
637924388
651369233
807080178
711594359
276843178
217824224
531267557
147365926
226173697
850833425
500721857
123357224
705420603
129817486
538845686
968958984
151608081
687719271
879967549
933807066
994837177
889161281
239540959
149125751
773024451
258562600
880917566
606498540
251215553
557640708
250010839
237789591
818086845
520759231
484554655
665400516
136854592
597271176
664580658
377335216
785588835
641410452
426420670
506177538
461333840
340236175
445039809
116422900
516916274
376150299
307391601
807553628
646692471
993113218
256288987
343312705
242514667
571151494
471888640
922500080
490099443
583166872
938159075
120897220
821562351
474265836
809711838
701679502
944899387
304834426
894552837
878336570
904911910
404105291
343523215
474769966
779277788
363500613
164103095
983819583
931577991
108673536
794511288
551845519
740704438
344261856
820401647
804895239
861499974
762036490
380888750
570044495
675668880
653892670
889692297
683010652
914289647
982194678
252448476
630597735
641226847
154166951
932382989
615565342
626295399
605328427
624940594
400192828
428076173
645683307
863670827
318610595
704372354
387926270
216167158
634895718
299900595
962061404
887846414
227521863
523734972
515968276
770094950
941095289
769991378
529389014
349467210
998717130
598972759
459525748
534285667
713608295
993664919
748061058
188409749
342285876
454088427
909827741
103344769
880932287
887716372
604579232
332968651
579546681
206328085
130349564
881447915
199052376
277077808
206406362
580404538
743647998
699121577
300427519
281009883
599770319
985063869
489151677
251079598
608464061
957592370
668919915
161136438
496917567
299502978
572190436
561901618
874414982
832395540
961137736
379394470
156972561
954206851
925500248
371820813
350814705
681609465
334564360
168574553
519498548
891274835
916698734
887110843
624150214
572432043
457319431
247697582
844595490
784275917
705850704
137709731
882698033
798027879
123027075
365047041
852288765
186191493
993102645
300619113
390770691
893943861
234489564
496360081
207944665
957937451
913891745
723415497
722028733
858744035
520477197
838194223
428740110
480072391
402554573
941739990
189482491
294249720
423541287
506019796
695614415
191693393
270476398
438175028
472593431
558502041
232862715
559708603
283378299
211665644
705264936
298743196
324184334
809816108
420192576
167157848
844753672
195540567
722261376
953477355
286780295
123717335
160472382
381154698
954021618
988445520
272552610
191355424
555094650
418019332
857206505
565856742
748870905
597653800
808496411
585775494
529662408
629561415
956634123
447454369
509783328
372981039
618910454
361917078
825167677
422909911
812631076
492121003
690804839
206179285
689324250
363038498
670916578
613653348
524831618
146321408
363183577
190053374
126063245
273660954
197636744
862532878
576272473
209174313
913194107
563390156
966377394
234987326
726049887
685878246
376406835
371766524
136810847
939735171
776742877
698424036
548469222
788839404
271116174
123841962
972141340
928299788
430626207
524623942
270731194
936594930
792440149
660355099
871795521
634096553
349625132
295995197
672964792
553094388
621669253
987059227
