968958984
151608081
687719271
879967549
933807066
994837177
889161281
239540959
149125751
773024451
258562600
880917566
606498540
251215553
557640708
250010839
237789591
818086845
520759231
484554655
665400516
136854592
597271176
664580658
377335216
785588835
641410452
426420670
506177538
461333840
340236175
445039809
116422900
516916274
376150299
307391601
807553628
646692471
993113218
256288987
343312705
242514667
571151494
471888640
922500080
490099443
583166872
938159075
120897220
821562351
474265836
809711838
701679502
944899387
304834426
894552837
878336570
904911910
404105291
343523215
474769966
779277788
363500613
164103095
983819583
931577991
108673536
794511288
551845519
740704438
344261856
820401647
804895239
861499974
762036490
380888750
570044495
675668880
653892670
889692297
683010652
914289647
982194678
252448476
630597735
641226847
154166951
932382989
615565342
626295399
605328427
624940594
400192828
428076173
645683307
863670827
318610595
704372354
387926270
216167158
