438249984
260121701
846967702
194983357
559019223
253480141
850431338
409939145
533740155
519913363
109060784
392288982
922464025
278561147
382483848
189424426
280676065
301787718
542409775
227416945
622018792
446514570
620743671
524834199
769851349
783056010
530483497
850742552
534557945
247053524
827495901
414771686
544347171
409051841
394484039
714995029
633998751
854193123
640318283
869855521
328964601
947569990
397590524
745343496
958950145
851576147
546835896
299655837
383225608
447611077
693266188
674277021
210007869
242810533
389804078
273455954
272917401
307547145
277028562
372917343
303907136
893954894
410214621
234514516
855787371
821442061
110931539
447580067
817602360
600833039
827473470
506001253
610716049
271793324
179360321
479212490
383214240
947197674
777658259
360747245
874424313
173396471
312418565
737703367
721503724
637924388
651369233
807080178
711594359
276843178
217824224
531267557
147365926
226173697
850833425
500721857
123357224
705420603
129817486
538845686
