959259597
859220958
961601151
415413330
666236526
457703823
952317044
493866308
285588834
539980427
437861656
330652851
840961146
110198499
942649140
278580630
234415503
270158648
587326758
491727212
877084596
347212966
312724958
339964793
922617220
691434966
297206748
533426666
984039498
602798993
714144587
907582728
149437769
473507001
607742699
601947280
534318588
480021989
461235974
856307117
963155852
412514729
729863816
408636593
709442586
985803641
729662913
449390340
157235484
464375204
449204103
633738991
585926252
618154048
659891797
369722099
947176190
777289286
494659116
114509187
530434083
642280773
994131451
458632862
216595132
649702507
350844341
980830630
848277850
771536985
444682002
577589542
892214653
115814828
148763532
766587889
406974333
341820729
610319067
173851335
604771388
412632190
740853352
877558402
458066124
745202424
636315070
253382256
456015512
609379383
221848736
900306292
323807545
152203051
340539820
285370428
412185646
706205076
286404943
218975349
850087380
826346491
416953828
112842659
331302370
939284370
423988920
199204497
813889838
655762920
940734221
291100046
978497182
647857780
945786677
462127221
676392450
749218703
295190712
809761994
232985867
996369993
960760799
348523535
702428359
720716389
983289035
558513815
615965595
467907188
217601287
828769657
907974235
730708899
693858183
543894457
459300273
168452891
433867739
573928548
142734307
972912794
951098101
238795966
255032720
227833288
355669152
792377588
373997523
541444812
893414363
190012399
798434460
672025740
791177005
427278114
411545084
918327941
958134097
815709298
448590788
587114542
826607768
822598337
455401737
884812855
644006941
598490609
321568250
294212716
807957764
213245302
792585463
643156000
218550901
360074560
746035632
644339722
504288340
662171966
714135000
440007738
495647770
396702640
479368908
372781216
258148712
807894370
674890494
200532608
158720660
342130927
423664694
592728837
923407067
370157776
247516100
800791554
338077364
465714454
181550308
936512420
130413513
527982281
649113938
961330509
980662984
654735469
106195200
976392498
206222252
556016588
990035971
650703552
837448816
130061031
607356959
301418785
564555355
180197726
587726151
195282726
836901273
187220897
195856757
449487874
186601594
348151345
538866187
385124544
322938165
361726596
479710429
643973085
279606266
759203896
486357648
675591023
223620654
832445590
122064334
248899044
616725588
698552461
976515905
336415050
757778790
685711013
603643839
162468859
532020261
564233777
486193505
686882897
710933533
335431246
905198682
490850994
762106558
522004019
303780344
160084389
962903776
244538583
789218894
729396475
305984285
624358390
201370985
582598450
948865360
956934532
299594780
731675779
999137673
858438071
495529616
181251088
135409403
384481363
998231255
296972612
618856453
518387393
438235596
998209917
672952298
442093866
493261002
425830514
260045166
653534200
649952694
464067663
752417118
745535690
696258165
948975759
705052423
873383043
881168999
943967363
510887863
794329624
730451394
633940063
165438362
819655004
840108209
537809212
925875065
275529362
408338452
825570564
508376785
222794587
519271337
860254268
236600085
480974484
309230661
618127104
247847812
555229963
986196569
719408429
590785313
652970160
114677069
444024793
917739564
407445658
268844360
496385049
312216056
649327992
906529237
451152366
150066487
630766173
774213994
833891390
646689071
362327868
111145552
215438617
608099363
341382656
462997767
517806178
892511740
999148494
257155630
617423742
847503671
607900377
142758171
610730198
234285389
367754137
257553165
734534586
110466615
671732850
903869698
723658606
505619606
150154221
237926382
230876923
560300268
603434513
947879673
547306533
240090082
732063858
550409663
182649048
646681316
882903323
186205129
374727974
409577656
489596432
483129685
432848601
251765117
614374443
703560080
499117836
501976531
869238595
551419529
268239170
739189224
473319790
461634019
259371374
472979745
348001134
471666855
880221808
376847339
647953234
653074217
245066408
475581284
585684741
742730675
726709785
561946175
403990497
555681975
445094085
554299364
888950392
132359860
537152405
756524997
595453765
790121219
533007965
901299274
477474493
250732605
339937885
844633950
339029911
730352694
496485768
444601334
321772674
205275634
178350878
788899111
945943012
581203422
729686277
735034945
426410707
818958666
596099331
122763342
388072325
133942384
833956599
824317106
404347709
870414008
343794766
250481610
407574151
228759218
480459180
183721515
980801412
903346757
416449909
853493778
956875731
132686304
228161931
593220398
990046464
575109465
176362381
265916991
474908453
448915492
126216317
762982794
881745662
403405900
239970538
503224834
322580384
612091013
471962545
977324279
677306633
308748804
372193430
310118281
966425729
410757388
892728743
357158785
477390675
119931456
696247870
879548260
111643208
143928336
601205768
510765258
555704101
795101430
290221730
524635997
558269790
